1000
0.00893925
0.0177797
0.0265223
0.0351681
0.0437179
0.0521729
0.0605338
0.0688017
0.0769774
0.0850619
0.0930561
0.100961
0.108777
0.116506
0.124148
0.131704
0.139175
0.146561
0.153864
0.161085
0.168224
0.175282
0.18226
0.189159
0.195979
0.202722
0.209387
0.215976
0.22249
0.228929
0.235294
0.241586
0.247806
0.253953
0.26003
0.266036
0.271973
0.27784
0.28364
0.289371
0.295036
0.300635
0.306168
0.311636
0.31704
0.32238
0.327657
0.332871
0.338024
0.343116
0.348147
0.353118
0.35803
0.362883
0.367678
0.372415
0.377095
0.381719
0.386286
0.390799
0.395256
0.39966
0.404009
0.408306
0.41255
0.416741
0.420881
0.42497
0.429009
0.432997
0.436936
0.440825
0.444666
0.448459
0.452204
0.455902
0.459553
0.463158
0.466718
0.470232
0.473701
0.477125
0.480506
0.483843
0.487137
0.490388
0.493597
0.496764
0.49989
0.502975
0.506019
0.509022
0.511987
0.514911
0.517797
0.520644
0.523452
0.526223
0.528957
0.531653
0.534312
0.536936
0.539523
0.542074
0.54459
0.547071
0.549518
0.55193
0.554309
0.556653
0.558965
0.561243
0.563489
0.565703
0.567885
0.570035
0.572154
0.574241
0.576298
0.578325
0.580322
0.582288
0.584226
0.586134
0.588013
0.589864
0.591686
0.59348
0.595246
0.596985
0.598697
0.600381
0.602039
0.603671
0.605276
0.606855
0.608409
0.609938
0.611441
0.612919
0.614373
0.615802
0.617207
0.618589
0.619946
0.62128
0.622591
0.623879
0.625144
0.626387
0.627607
0.628805
0.629982
0.631137
0.63227
0.633382
0.634473
0.635543
0.636593
0.637622
0.638632
0.639621
0.64059
0.64154
0.64247
0.643382
0.644274
0.645147
0.646002
0.646838
0.647656
0.648456
0.649238
0.650003
0.65075
0.651479
0.652191
0.652886
0.653565
0.654226
0.654871
0.6555
0.656113
0.656709
0.65729
0.657855
0.658404
0.658938
0.659457
0.65996
0.660449
0.660923
0.661382
0.661827
0.662257
0.662673
0.663075
0.663463
0.663837
0.664198
0.664545
0.664878
0.665199
0.665506
0.6658
0.666081
0.66635
0.666606
0.666849
0.66708
0.667299
0.667506
0.667701
0.667884
0.668055
0.668214
0.668362
0.668498
0.668624
0.668737
0.66884
0.668932
0.669013
0.669084
0.669143
0.669192
0.669231
0.669259
0.669277
0.669285
0.669283
0.669271
0.66925
0.669218
0.669177
0.669126
0.669066
0.668996
0.668918
0.66883
0.668733
0.668627
0.668512
0.668388
0.668256
0.668114
0.667965
0.667807
0.66764
0.667466
0.667283
0.667091
0.666892
0.666685
0.66647
0.666247
0.666017
0.665779
0.665533
0.66528
0.665019
0.664751
0.664475
0.664193
0.663903
0.663606
0.663302
0.662992
0.662674
0.66235
0.662019
0.661681
0.661336
0.660986
0.660628
0.660265
0.659894
0.659518
0.659136
0.658747
0.658352
0.657951
0.657544
0.657132
0.656713
0.656289
0.655859
0.655423
0.654982
0.654535
0.654082
0.653625
0.653161
0.652693
0.652219
0.65174
0.651255
0.650766
0.650271
0.649772
0.649267
0.648758
0.648243
0.647724
0.6472
0.646671
0.646138
0.6456
0.645057
0.64451
0.643958
0.643402
0.642841
0.642276
0.641707
0.641133
0.640555
0.639973
0.639387
0.638796
0.638202
0.637604
0.637001
0.636395
0.635784
0.63517
0.634552
0.63393
0.633304
0.632675
0.632042
0.631405
0.630764
0.630121
0.629473
0.628822
0.628167
0.627509
0.626848
0.626183
0.625515
0.624844
0.624169
0.623491
0.62281
0.622126
0.621438
0.620748
0.620054
0.619358
0.618658
0.617955
0.617249
0.616541
0.615829
0.615115
0.614398
0.613678
0.612955
0.612229
0.611501
0.61077
0.610036
0.609299
0.60856
0.607819
0.607075
0.606328
0.605578
0.604827
0.604072
0.603316
0.602557
0.601795
0.601031
0.600265
0.599496
0.598725
0.597952
0.597176
0.596399
0.595619
0.594837
0.594052
0.593266
0.592477
0.591686
0.590894
0.590099
0.589302
0.588503
0.587702
0.586899
0.586094
0.585287
0.584478
0.583668
0.582855
0.582041
0.581224
0.580406
0.579586
0.578764
0.577941
0.577116
0.576289
0.57546
0.574629
0.573797
0.572963
0.572128
0.57129
0.570452
0.569611
0.568769
0.567926
0.56708
0.566234
0.565385
0.564536
0.563684
0.562832
0.561977
0.561122
0.560265
0.559406
0.558546
0.557685
0.556822
0.555958
0.555092
0.554226
0.553357
0.552488
0.551617
0.550745
0.549872
0.548997
0.548121
0.547244
0.546366
0.545486
0.544605
0.543723
0.54284
0.541956
0.54107
0.540184
0.539296
0.538407
0.537517
0.536626
0.535734
0.53484
0.533946
0.53305
0.532154
0.531256
0.530358
0.529458
0.528558
0.527656
0.526754
0.52585
0.524946
0.52404
0.523134
0.522226
0.521318
0.520409
0.519499
0.518588
0.517676
0.516763
0.515849
0.514935
0.514019
0.513103
0.512186
0.511268
0.510349
0.50943
0.50851
0.507588
0.506666
0.505744
0.50482
0.503896
0.502971
0.502045
0.501118
0.500191
0.499263
0.498334
0.497405
0.496475
0.495544
0.494612
0.49368
0.492747
0.491813
0.490879
0.489944
0.489008
0.488072
0.487135
0.486198
0.485259
0.484321
0.483381
0.482441
0.481501
0.480559
0.479617
0.478675
0.477732
0.476788
0.475844
0.4749
0.473954
0.473009
0.472062
0.471115
0.470168
0.46922
0.468271
0.467322
0.466373
0.465423
0.464472
0.463521
0.462569
0.461617
0.460665
0.459712
0.458758
0.457804
0.45685
0.455895
0.45494
0.453984
0.453028
0.452071
0.451114
0.450156
0.449198
0.44824
0.447281
0.446322
0.445362
0.444402
0.443441
0.44248
0.441519
0.440557
0.439595
0.438633
0.43767
0.436707
0.435743
0.434779
0.433815
0.43285
0.431885
0.43092
0.429954
0.428988
0.428021
0.427054
0.426087
0.42512
0.424152
0.423184
0.422215
0.421246
0.420277
0.419308
0.418338
0.417368
0.416398
0.415427
0.414456
0.413485
0.412513
0.411541
0.410569
0.409597
0.408624
0.407651
0.406678
0.405704
0.40473
0.403756
0.402782
0.401807
0.400832
0.399857
0.398882
0.397906
0.39693
0.395954
0.394978
0.394001
0.393024
0.392047
0.39107
0.390092
0.389114
0.388136
0.387158
0.386179
0.385201
0.384222
0.383242
0.382263
0.381283
0.380304
0.379324
0.378343
0.377363
0.376382
0.375401
0.37442
0.373439
0.372458
0.371476
0.370494
0.369512
0.36853
0.367548
0.366565
0.365582
0.364599
0.363616
0.362633
0.361649
0.360666
0.359682
0.358698
0.357714
0.35673
0.355745
0.35476
0.353776
0.352791
0.351805
0.35082
0.349835
0.348849
0.347863
0.346877
0.345891
0.344905
0.343919
0.342932
0.341946
0.340959
0.339972
0.338985
0.337998
0.33701
0.336023
0.335035
0.334048
0.33306
0.332072
0.331084
0.330095
0.329107
0.328118
0.32713
0.326141
0.325152
0.324163
0.323174
0.322185
0.321196
0.320206
0.319217
0.318227
0.317237
0.316247
0.315257
0.314267
0.313277
0.312286
0.311296
0.310305
0.309315
0.308324
0.307333
0.306342
0.305351
0.30436
0.303369
0.302377
0.301386
0.300394
0.299403
0.298411
0.297419
0.296427
0.295435
0.294443
0.293451
0.292459
0.291466
0.290474
0.289481
0.288489
0.287496
0.286503
0.285511
0.284518
0.283525
0.282531
0.281538
0.280545
0.279552
0.278558
0.277565
0.276571
0.275578
0.274584
0.27359
0.272596
0.271603
0.270609
0.269615
0.26862
0.267626
0.266632
0.265638
0.264643
0.263649
0.262654
0.26166
0.260665
0.25967
0.258676
0.257681
0.256686
0.255691
0.254696
0.253701
0.252706
0.251711
0.250715
0.24972
0.248725
0.247729
0.246734
0.245738
0.244743
0.243747
0.242751
0.241756
0.24076
0.239764
0.238768
0.237772
0.236776
0.23578
0.234784
0.233788
0.232792
0.231796
0.230799
0.229803
0.228807
0.22781
0.226814
0.225817
0.224821
0.223824
0.222828
0.221831
0.220834
0.219837
0.218841
0.217844
0.216847
0.21585
0.214853
0.213856
0.212859
0.211862
0.210865
0.209868
0.20887
0.207873
0.206876
0.205879
0.204881
0.203884
0.202886
0.201889
0.200892
0.199894
0.198896
0.197899
0.196901
0.195904
0.194906
0.193908
0.19291
0.191913
0.190915
0.189917
0.188919
0.187921
0.186923
0.185925
0.184927
0.183929
0.182931
0.181933
0.180935
0.179937
0.178939
0.177941
0.176942
0.175944
0.174946
0.173948
0.172949
0.171951
0.170952
0.169954
0.168956
0.167957
0.166959
0.16596
0.164962
0.163963
0.162965
0.161966
0.160967
0.159969
0.15897
0.157971
0.156973
0.155974
0.154975
0.153976
0.152978
0.151979
0.15098
0.149981
0.148982
0.147983
0.146984
0.145985
0.144986
0.143987
0.142988
0.141989
0.14099
0.139991
0.138992
0.137993
0.136994
0.135995
0.134996
0.133996
0.132997
0.131998
0.130999
0.13
0.129
0.128001
0.127002
0.126002
0.125003
0.124004
0.123004
0.122005
0.121006
0.120006
0.119007
0.118007
0.117008
0.116009
0.115009
0.11401
0.11301
0.112011
0.111011
0.110011
0.109012
0.108012
0.107013
0.106013
0.105013
0.104014
0.103014
0.102015
0.101015
0.100015
0.0990155
0.0980158
0.097016
0.0960163
0.0950166
0.0940168
0.093017
0.0920173
0.0910175
0.0900177
0.0890179
0.088018
0.0870182
0.0860183
0.0850185
0.0840186
0.0830187
0.0820188
0.0810189
0.080019
0.0790191
0.0780192
0.0770192
0.0760193
0.0750193
0.0740193
0.0730194
0.0720194
0.0710194
0.0700194
0.0690193
0.0680193
0.0670193
0.0660192
0.0650192
0.0640191
0.063019
0.0620189
0.0610189
0.0600188
0.0590186
0.0580185
0.0570184
0.0560183
0.0550181
0.054018
0.0530178
0.0520177
0.0510175
0.0500173
0.0490171
0.0480169
0.0470167
0.0460165
0.0450163
0.0440161
0.0430158
0.0420156
0.0410154
0.0400151
0.0390148
0.0380146
0.0370143
0.036014
0.0350137
0.0340134
0.0330131
0.0320128
0.0310125
0.0300122
0.0290119
0.0280115
0.0270112
0.0260109
0.0250105
0.0240102
0.0230098
0.0220094
0.0210091
0.0200087
0.0190083
0.0180079
0.0170075
0.0160071
0.0150067
0.0140063
0.0130059
0.0120055
0.011005
0.0100046
0.00900416
0.00800372
0.00700327
0.00600282
0.00500236
0.0040019
0.00300143
0.00200096
0.00100048
